9.47207,54.81608,0
9.47217,54.81611,0
9.4722,54.81603,0
9.47239,54.81547,0
9.47407,54.81563,0
9.4743,54.81562,0
9.4744,54.81562,0
9.4746,54.81558,0
9.47473,54.81555,0
9.47478,54.81553,0
9.47502,54.81545,0
9.4751,54.81542,0
9.47521,54.81536,0
9.47534,54.81526,0
9.47574,54.81472,0
9.47587,54.81448,0
9.47604,54.81399,0
9.47608,54.8138,0
9.4761,54.81367,0
9.4761,54.81361,0
9.47611,54.8135,0
9.47666,54.81358,0
9.47693,54.81362,0
9.47718,54.81365,0
9.47748,54.81369,0
9.47785,54.81374,0
9.47861,54.81387,0
9.47949,54.81409,0
9.47977,54.81383,0
9.4801,54.81349,0
9.48029,54.81329,0
9.48046,54.81308,0
9.48054,54.81297,0
9.48067,54.81276,0
9.48079,54.81253,0
9.48089,54.8123,0
9.48095,54.81205,0
9.48098,54.81187,0
9.48101,54.81152,0
9.48107,54.81111,0
9.48112,54.81059,0
9.48113,54.8105,0
9.48112,54.81021,0
9.48112,54.8099,0
9.48113,54.80983,0
9.48114,54.80943,0
9.48115,54.80918,0
9.48117,54.80873,0
9.48121,54.80816,0
9.48123,54.80781,0
9.48118,54.80747,0
9.48108,54.80685,0
9.48106,54.80662,0
9.48094,54.80579,0
9.48086,54.80515,0
9.48079,54.8047,0
9.48071,54.80398,0
9.4806,54.80332,0
9.48058,54.80313,0
9.48059,54.80303,0
9.48061,54.80293,0
9.48066,54.8028,0
9.48074,54.80259,0
9.48081,54.80239,0
9.48082,54.80231,0
9.48082,54.80226,0
9.48078,54.80201,0
9.48073,54.80186,0
9.48062,54.80168,0
9.48053,54.80159,0
9.48049,54.80155,0
9.4803,54.80139,0
9.48017,54.80129,0
9.48015,54.80128,0
9.48,54.8012,0
9.47964,54.801,0
9.4789,54.80049,0
9.47862,54.80031,0
9.47824,54.80006,0
9.47818,54.80002,0
9.47786,54.79982,0
9.47759,54.79965,0
9.4774,54.79954,0
9.47717,54.79944,0
9.47687,54.79935,0
9.4766,54.79927,0
9.47653,54.79926,0
9.47646,54.79926,0
9.47614,54.7992,0
9.47604,54.79919,0
9.47608,54.79912,0
9.47619,54.79889,0
9.47632,54.79878,0
9.47642,54.7987,0
9.47653,54.79863,0
9.47709,54.79824,0
9.47722,54.79815,0
9.47783,54.79773,0
9.47809,54.79758,0
9.47813,54.79755,0
9.4782,54.79752,0
9.47822,54.7975,0
9.47826,54.79746,0
9.47833,54.7974,0
9.47847,54.79733,0
9.47851,54.79728,0
9.47862,54.79716,0
9.47871,54.79706,0
9.47877,54.79697,0
9.47884,54.79678,0
9.47889,54.79659,0
9.47891,54.79642,0
9.47886,54.79606,0
9.47881,54.79586,0
9.47879,54.79575,0
9.47852,54.79446,0
9.47851,54.79434,0
9.4785,54.79382,0
9.47852,54.79341,0
9.47852,54.79325,0
9.47853,54.79279,0
9.47855,54.79254,0
9.47862,54.7922,0
9.47863,54.79212,0
9.47863,54.79209,0
9.47864,54.79203,0
9.47866,54.79198,0
9.47868,54.79189,0
9.47872,54.79174,0
9.47875,54.79163,0
9.47878,54.79151,0
9.4788,54.79141,0
9.47882,54.79121,0
9.47882,54.79107,0
9.47879,54.79094,0
9.47875,54.7908,0
9.47871,54.79075,0
9.47864,54.79067,0
9.47859,54.79061,0
9.4785,54.79051,0
9.47846,54.79047,0
9.4784,54.79043,0
9.47826,54.79034,0
9.4782,54.79029,0
9.4781,54.79024,0
9.47801,54.7902,0
9.47788,54.79014,0
9.47781,54.79012,0
9.47776,54.7901,0
9.47759,54.79007,0
9.47734,54.79002,0
9.47712,54.78998,0
9.47674,54.78994,0
9.47506,54.78979,0
9.47436,54.78973,0
9.47418,54.78972,0
9.47379,54.78968,0
9.47375,54.78967,0
9.473,54.78959,0
9.47264,54.78955,0
9.4724,54.78953,0
9.47234,54.78971,0
9.47221,54.79034,0
9.47213,54.79068,0
9.47209,54.79084,0
9.47192,54.79134,0
9.47187,54.79151,0
9.47178,54.79164,0
9.47163,54.79181,0
9.47153,54.79191,0
9.47123,54.79218,0
9.4707,54.79264,0
9.47012,54.79313,0
9.46967,54.79296,0
9.46949,54.7929,0
9.46929,54.79283,0
9.46907,54.79276,0
9.46856,54.79263,0
9.4674,54.79236,0
9.46709,54.79229,0
9.46693,54.79224,0
9.46679,54.79219,0
9.46655,54.79207,0
9.46584,54.79169,0
9.46549,54.79154,0
9.4653,54.79145,0
9.4644,54.79106,0
9.46387,54.79081,0
9.46378,54.79078,0
9.46371,54.79075,0
9.46353,54.79069,0
9.46349,54.79067,0
9.46332,54.79063,0
9.46315,54.79062,0
9.46296,54.79061,0
9.46278,54.79062,0
9.46253,54.79066,0
9.46242,54.79067,0
9.46236,54.79068,0
9.46233,54.79068,0
9.46229,54.79069,0
9.46223,54.7907,0
9.46221,54.7907,0
9.46214,54.79071,0
9.46213,54.79071,0
9.46207,54.79072,0
9.46199,54.79073,0
9.46153,54.79076,0
9.46116,54.7908,0
9.46079,54.79083,0
9.46041,54.79083,0
9.45994,54.79078,0
9.45949,54.79072,0
9.45905,54.79065,0
9.45881,54.79061,0
9.45845,54.79052,0
9.45812,54.79043,0
9.45724,54.79011,0
9.45629,54.78975,0
9.45573,54.78954,0
9.45502,54.78929,0
9.45407,54.78892,0
9.45368,54.78874,0
9.45334,54.78857,0
9.45302,54.78837,0
9.45272,54.78818,0
9.45265,54.78813,0
9.45206,54.78773,0
9.45176,54.78752,0
9.45143,54.78769,0
9.45123,54.78777,0
9.45112,54.78781,0
9.451,54.78783,0
9.45087,54.78783,0
9.45072,54.7878,0
9.45056,54.78771,0
9.45024,54.78753,0
9.45011,54.78747,0
9.45004,54.78744,0
9.44986,54.78737,0
9.44938,54.78718,0
9.4492,54.78711,0
9.44902,54.78704,0
9.44879,54.78696,0
9.44808,54.78673,0
9.44745,54.78655,0
9.44697,54.78643,0
9.44652,54.78632,0
9.44605,54.78622,0
9.44576,54.78616,0
9.44566,54.78663,0
9.44563,54.78686,0
9.44561,54.78709,0
9.44556,54.78721,0
9.44548,54.78733,0
9.44489,54.78785,0
9.44467,54.78803,0
9.44441,54.78775,0
9.44418,54.78751,0
9.44406,54.7874,0
9.44399,54.78731,0
9.44395,54.78726,0
9.44389,54.78719,0
9.44388,54.7871,0
9.44387,54.78699,0
9.44387,54.78698,0
9.44386,54.78685,0
9.44379,54.7866,0
9.44372,54.7862,0
9.44368,54.78595,0
9.44363,54.78581,0
9.44361,54.78569,0
9.44364,54.78557,0
9.44369,54.78546,0
9.44389,54.78507,0
9.44406,54.78467,0
9.44408,54.7846,0
9.4441,54.7845,0
9.44411,54.7844,0
9.44411,54.78435,0
9.4441,54.78429,0
9.44408,54.78421,0
9.44405,54.78413,0
9.44399,54.78409,0
9.44397,54.78408,0
9.44395,54.78405,0
9.44392,54.78399,0
9.44387,54.78393,0
9.44386,54.78391,0
9.44382,54.78384,0
9.44375,54.78374,0
9.44365,54.7836,0
9.44363,54.78358,0
9.44362,54.78355,0
9.44359,54.78351,0
9.44353,54.78342,0
9.44352,54.78338,0
9.4435,54.78331,0
9.44349,54.78325,0
9.44347,54.78317,0
9.44326,54.78316,0
9.44287,54.78314,0
9.44138,54.78299,0
9.44109,54.78294,0
9.44057,54.78285,0
9.44039,54.78281,0
9.44025,54.78279,0
9.44002,54.78275,0
9.43982,54.78273,0
9.43951,54.78271,0
9.43934,54.78267,0
9.43804,54.78258,0
9.4373,54.78253,0
9.43708,54.78252,0
9.43687,54.7825,0
9.4368,54.78249,0
9.43677,54.78249,0
9.43669,54.7825,0
9.43665,54.7825,0
9.43662,54.7825,0
9.43658,54.78251,0
9.43634,54.78249,0
9.43615,54.78247,0
9.43603,54.78245,0
9.43593,54.78243,0
9.43557,54.78241,0
9.43522,54.7824,0
9.43501,54.7824,0
9.43483,54.78239,0
9.43466,54.78238,0
9.4345,54.78235,0
9.43438,54.78232,0
9.43429,54.78229,0
9.43416,54.78224,0
9.43408,54.78221,0
9.43404,54.78219,0
9.43387,54.78208,0
9.43377,54.78203,0
9.43374,54.78201,0
9.4336,54.78195,0
9.43339,54.78189,0
9.43325,54.78186,0
9.43314,54.78184,0
9.43281,54.78178,0
9.4326,54.78175,0
9.4324,54.78171,0
9.43213,54.78167,0
9.43192,54.78167,0
9.4318,54.78168,0
9.43173,54.78169,0
9.43151,54.78171,0
9.43129,54.78174,0
9.43125,54.78174,0
9.43096,54.78177,0
9.4307,54.78177,0
9.43054,54.78178,0
9.43049,54.78178,0
9.43023,54.78177,0
9.42988,54.78175,0
9.42967,54.78174,0
9.42924,54.78169,0
9.42892,54.78163,0
9.42847,54.78153,0
9.42822,54.78147,0
9.42767,54.78133,0
9.42671,54.78108,0
9.42609,54.78093,0
9.42577,54.78086,0
9.42472,54.78062,0
9.42361,54.78031,0
9.4235,54.78028,0
9.42224,54.77994,0
9.42025,54.77937,0
9.41997,54.7793,0
9.41936,54.77911,0
9.41884,54.77897,0
9.41872,54.77893,0
9.41835,54.77882,0
9.41789,54.77869,0
9.41769,54.77863,0
9.41739,54.77854,0
9.41711,54.77846,0
9.41692,54.77841,0
9.41669,54.77835,0
9.41656,54.77832,0
9.41638,54.77831,0
9.41604,54.77828,0
9.4159,54.77826,0
9.41515,54.77827,0
9.41464,54.77828,0
9.41464,54.7782,0
9.41465,54.77803,0
9.41465,54.7779,0
9.41465,54.77779,0
9.41459,54.7777,0
9.41451,54.77732,0
9.41415,54.77729,0
9.41373,54.77726,0
9.41326,54.77721,0
9.41286,54.77717,0
9.41264,54.77714,0
9.4124,54.77711,0
9.41183,54.77703,0
9.41156,54.77699,0
9.41093,54.77688,0
9.41062,54.77682,0
9.41047,54.77679,0
9.40981,54.77665,0
9.40947,54.77657,0
9.40935,54.77654,0
9.40903,54.77646,0
9.40888,54.77641,0
9.40865,54.77635,0
9.40793,54.77616,0
9.40715,54.77593,0
9.40664,54.77579,0
9.4057,54.77554,0
9.40503,54.77536,0
9.40439,54.77521,0
9.40387,54.77508,0
9.40353,54.77501,0
9.40305,54.77492,0
9.40251,54.77484,0
9.40227,54.77481,0
9.40212,54.77479,0
9.40177,54.77475,0
9.40157,54.77474,0
9.40156,54.77473,0
9.40138,54.77472,0
9.40117,54.7747,0
9.40061,54.77466,0
9.40023,54.77465,0
9.39985,54.77466,0
9.39948,54.77466,0
9.39926,54.77466,0
9.39896,54.77467,0
9.39864,54.77469,0
9.39839,54.77471,0
9.3982,54.77472,0
9.39787,54.77475,0
9.39751,54.77479,0
9.39727,54.77482,0
9.39712,54.77484,0
9.39679,54.77489,0
9.39648,54.77494,0
9.39642,54.77495,0
9.39628,54.77498,0
9.39596,54.77504,0
9.39543,54.77515,0
9.39474,54.77531,0
9.39455,54.77536,0
9.39451,54.7753,0
9.39449,54.77526,0
9.39447,54.77501,0
9.39445,54.77472,0
9.39444,54.77439,0
9.39449,54.77426,0
9.39456,54.77403,0
9.39457,54.77402,0
9.39457,54.77401,0
9.39462,54.77384,0
9.39467,54.77374,0
9.39474,54.77358,0
9.39486,54.77339,0
9.39507,54.77305,0
9.3951,54.77301,0
9.39613,54.77148,0
9.39649,54.77101,0
9.39659,54.77088,0
9.39696,54.77037,0
9.39757,54.76957,0
9.39805,54.76895,0
9.39839,54.76849,0
9.39858,54.76825,0
9.39865,54.76817,0
9.39871,54.76808,0
9.39877,54.76798,0
9.3988,54.76789,0
9.39883,54.76781,0
9.39884,54.76772,0
9.39885,54.7676,0
9.39885,54.76753,0
9.39884,54.7674,0
9.39882,54.7673,0
9.39876,54.76718,0
9.39866,54.76701,0
9.39856,54.76688,0
9.3984,54.7667,0
9.3981,54.76646,0
9.39768,54.76613,0
9.39755,54.76601,0
9.39747,54.76595,0
9.39731,54.76583,0
9.39674,54.76534,0
9.39653,54.7652,0
9.39638,54.76511,0
9.39596,54.76494,0
9.39569,54.76484,0
9.3955,54.76478,0
9.39534,54.76474,0
9.3952,54.76471,0
9.39494,54.76465,0
9.39493,54.76467,0
9.39491,54.76469,0
9.39489,54.7647,0
9.39486,54.76471,0
9.39484,54.76472,0
9.39481,54.76472,0
9.39475,54.76472,0
9.39469,54.76471,0
9.39466,54.7647,0
9.39464,54.76468,0
9.39463,54.76466,0
9.39462,54.76464,0
9.39462,54.76461,0
9.39462,54.76459,0
9.39465,54.76456,0
9.3947,54.76453,0
9.39473,54.76452,0
9.39476,54.76452,0
9.39482,54.76453,0
9.39493,54.76431,0
9.39493,54.7643,0
9.39514,54.76383,0
9.39516,54.76379,0
9.39523,54.76364,0
9.39528,54.76354,0
9.39529,54.76351,0
9.39538,54.76338,0
9.39553,54.76317,0
9.39606,54.76248,0
9.39615,54.76232,0
9.39604,54.76229,0
9.396,54.76228,0
9.39582,54.76221,0
9.3957,54.76215,0
9.39552,54.76202,0
9.39541,54.76195,0
9.39512,54.76173,0
9.39482,54.76153,0
9.39471,54.76145,0
9.39412,54.76109,0
9.39381,54.76092,0
9.39377,54.7609,0
9.39359,54.7608,0
9.39355,54.76078,0
9.39312,54.76054,0
9.39291,54.76043,0
9.39222,54.76005,0
9.39206,54.75997,0
9.3917,54.75978,0
9.39081,54.7593,0
9.39076,54.75927,0
9.39044,54.75909,0
9.39003,54.75888,0
9.3897,54.75872,0
9.38949,54.7586,0
9.38901,54.75833,0
9.38871,54.75816,0
9.38847,54.75801,0
9.38713,54.75712,0
9.38641,54.7566,0
9.38667,54.75648,0
9.38679,54.75643,0
9.38684,54.75641,0
9.38691,54.7564,0
9.38699,54.75639,0
9.3871,54.75639,0
9.38731,54.75642,0
9.38897,54.75661,0
9.38967,54.75668,0
9.3902,54.75674,0
9.39043,54.75677,0
9.39076,54.75683,0
9.3914,54.75697,0
9.39168,54.75702,0
9.39193,54.75706,0
9.3933,54.75727,0
9.39467,54.75748,0
9.39537,54.75759,0
9.39553,54.75762,0
9.39568,54.75766,0
9.39584,54.75773,0
9.396,54.75782,0
9.3962,54.75794,0
9.39665,54.7582,0
9.39668,54.75822,0
9.3968,54.75831,0
9.39687,54.75837,0
9.39694,54.75844,0
9.39697,54.75851,0
9.39701,54.75865,0
9.39703,54.7587,0
9.39708,54.75881,0
9.39715,54.75894,0
9.39723,54.75906,0
9.39735,54.75917,0
9.39744,54.75924,0
9.39752,54.75929,0
9.39767,54.75935,0
9.39779,54.75941,0
9.39797,54.75945,0
9.39817,54.75949,0
9.39845,54.75915,0
9.39845,54.75914,0
9.39849,54.7591,0
9.39855,54.75903,0
9.39863,54.75893,0
9.39882,54.7587,0
9.399,54.75851,0
9.39908,54.75843,0
9.39911,54.7584,0
9.39951,54.75805,0
9.4002,54.75747,0
9.40055,54.75718,0
9.40099,54.75679,0
9.40141,54.75642,0
9.40247,54.75547,0
9.40178,54.75502,0
9.40164,54.75492,0
9.40059,54.75422,0
9.39993,54.75461,0
9.39986,54.75468,0
9.39984,54.75469,0
9.39979,54.75475,0
9.3995,54.75547,0
9.39949,54.7555,0
9.39935,54.75587,0
9.39927,54.75598,0
9.39916,54.7561,0
9.39875,54.75647,0
